1 2 48
1 12 66
1 11 72
11 1 72
1 8 69
8 1 69
1 6 29
6 1 29
1 4 57
4 1 57
2 1 48
2 3 85
3 2 85
12 13 58
12 1 66
13 12 58
13 14 124
14 13 124
13 15 139
15 13 139
15 16 64
16 15 64
15 17 86
17 15 86
15 19 227
19 15 227
16 18 96
18 16 96
16 17 85
17 16 85
17 19 157
19 17 157
19 14 97
14 19 97
14 20 80
20 14 80
14 25 146
25 14 146
20 25 166
25 20 166
25 11 50
11 25 50
8 9 85
9 8 85
9 10 106
10 9 106
6 7 87
7 6 87
7 23 220
23 7 220
23 24 135
24 23 135
4 21 129
21 4 129
4 5 177
5 4 177
21 22 55
22 21 55
21 5 84
5 21 84